
_______________________________
SMO for dataset digits
_______________________________

*****************
SMO6
*****************
[0.975, 0.972, 0.972, 0.969, 0.969, 0.964, 0.975, 0.972, 0.967, 0.969, 0.967, 0.972, 0.969, 0.961, 0.972, 0.969, 0.967, 0.967, 0.969, 0.969]
Time taken: 4.8616180419921875 seconds
*****************

*****************

*****************
SMO14
*****************
[0.972, 0.972, 0.972, 0.969, 0.967, 0.972, 0.972, 0.972, 0.969, 0.972, 0.969, 0.972, 0.972, 0.969, 0.969, 0.975, 0.969, 0.972, 0.972, 0.972]
Time taken: 9.987858057022095 seconds
*****************

*****************

*****************
SMO20
*****************
[0.972, 0.972, 0.972, 0.969, 0.972, 0.972, 0.975, 0.975, 0.975, 0.972, 0.969, 0.972, 0.969, 0.969, 0.969, 0.969, 0.969, 0.972, 0.975, 0.972]
Time taken: 30.102025032043457 seconds
*****************

*****************

*****************
SMO60
*****************
[0.975, 0.972, 0.975, 0.975, 0.972, 0.975, 0.972, 0.975, 0.972, 0.972, 0.972, 0.972, 0.972, 0.975, 0.975, 0.975, 0.975, 0.972, 0.975, 0.975]
Time taken: 47.801114082336426 seconds
*****************

*****************

*****************
FINAL
*****************
{'smo6': [0.975, 0.972, 0.972, 0.969, 0.969, 0.964, 0.975, 0.972, 0.967, 0.969, 0.967, 0.972, 0.969, 0.961, 0.972, 0.969, 0.967, 0.967, 0.969, 0.969], 'smo14': [0.972, 0.972, 0.972, 0.969, 0.967, 0.972, 0.972, 0.972, 0.969, 0.972, 0.969, 0.972, 0.972, 0.969, 0.969, 0.975, 0.969, 0.972, 0.972, 0.972], 'smo20': [0.972, 0.972, 0.972, 0.969, 0.972, 0.972, 0.975, 0.975, 0.975, 0.972, 0.969, 0.972, 0.969, 0.969, 0.969, 0.969, 0.969, 0.972, 0.975, 0.972], 'smo60': [0.975, 0.972, 0.975, 0.975, 0.972, 0.975, 0.972, 0.975, 0.972, 0.972, 0.972, 0.972, 0.972, 0.975, 0.975, 0.975, 0.975, 0.972, 0.975, 0.975]}
Time taken: 92.75358510017395 seconds
*****************

*****************

_______________________________
END for dataset digits
_______________________________

_______________________________
SMO for dataset breastcancer
_______________________________

*****************
SMO6
*****************
[0.956, 0.956, 0.956, 0.956, 0.956, 0.956, 0.956, 0.956, 0.947, 0.904, 0.956, 0.947, 0.956, 0.956, 0.956, 0.956, 0.947, 0.956, 0.956, 0.956]
Time taken: 2.02219820022583 seconds
*****************

*****************

*****************
SMO14
*****************
[0.956, 0.956, 0.956, 0.956, 0.956, 0.956, 0.956, 0.956, 0.956, 0.956, 0.956, 0.956, 0.956, 0.956, 0.956, 0.956, 0.956, 0.956, 0.956, 0.956]
Time taken: 4.107682943344116 seconds
*****************

*****************

*****************
SMO20
*****************
[0.956, 0.956, 0.956, 0.956, 0.956, 0.956, 0.956, 0.956, 0.956, 0.956, 0.956, 0.956, 0.956, 0.956, 0.956, 0.956, 0.956, 0.956, 0.956, 0.956]
Time taken: 6.28200101852417 seconds
*****************

*****************

*****************
SMO60
*****************
[0.956, 0.956, 0.956, 0.956, 0.956, 0.956, 0.956, 0.956, 0.956, 0.956, 0.956, 0.956, 0.956, 0.956, 0.956, 0.956, 0.956, 0.956, 0.956, 0.956]
Time taken: 20.87177801132202 seconds
*****************

*****************

*****************
FINAL
*****************
{'smo6': [0.956, 0.956, 0.956, 0.956, 0.956, 0.956, 0.956, 0.956, 0.947, 0.904, 0.956, 0.947, 0.956, 0.956, 0.956, 0.956, 0.947, 0.956, 0.956, 0.956], 'smo14': [0.956, 0.956, 0.956, 0.956, 0.956, 0.956, 0.956, 0.956, 0.956, 0.956, 0.956, 0.956, 0.956, 0.956, 0.956, 0.956, 0.956, 0.956, 0.956, 0.956], 'smo20': [0.956, 0.956, 0.956, 0.956, 0.956, 0.956, 0.956, 0.956, 0.956, 0.956, 0.956, 0.956, 0.956, 0.956, 0.956, 0.956, 0.956, 0.956, 0.956, 0.956], 'smo60': [0.956, 0.956, 0.956, 0.956, 0.956, 0.956, 0.956, 0.956, 0.956, 0.956, 0.956, 0.956, 0.956, 0.956, 0.956, 0.956, 0.956, 0.956, 0.956, 0.956]}
Time taken: 33.28522181510925 seconds
*****************

*****************

_______________________________
END for dataset breastcancer
_______________________________

_______________________________
SMO for dataset iris
_______________________________

*****************
SMO6
*****************
[1.0, 1.0, 1.0, 1.0, 0.967, 1.0, 1.0, 1.0, 1.0, 1.0, 1.0, 1.0, 0.967, 1.0, 1.0, 1.0, 1.0, 0.967, 1.0, 1.0]
Time taken: 1.1151752471923828 seconds
*****************

*****************

*****************
SMO14
*****************
[1.0, 1.0, 1.0, 0.967, 1.0, 1.0, 1.0, 1.0, 1.0, 1.0, 1.0, 1.0, 1.0, 1.0, 1.0, 1.0, 1.0, 1.0, 1.0, 1.0]
Time taken: 2.196852922439575 seconds
*****************

*****************

*****************
SMO20
*****************
[1.0, 1.0, 1.0, 1.0, 1.0, 1.0, 1.0, 1.0, 0.967, 1.0, 1.0, 1.0, 1.0, 1.0, 1.0, 1.0, 0.967, 1.0, 1.0, 1.0]
Time taken: 2.9569029808044434 seconds
*****************

*****************

*****************
SMO60
*****************
[1.0, 1.0, 1.0, 1.0, 1.0, 1.0, 1.0, 1.0, 1.0, 1.0, 1.0, 1.0, 1.0, 1.0, 1.0, 1.0, 1.0, 1.0, 1.0, 1.0]
Time taken: 8.47271990776062 seconds
*****************

*****************

*****************
FINAL
*****************
{'smo6': [1.0, 1.0, 1.0, 1.0, 0.967, 1.0, 1.0, 1.0, 1.0, 1.0, 1.0, 1.0, 0.967, 1.0, 1.0, 1.0, 1.0, 0.967, 1.0, 1.0], 'smo14': [1.0, 1.0, 1.0, 0.967, 1.0, 1.0, 1.0, 1.0, 1.0, 1.0, 1.0, 1.0, 1.0, 1.0, 1.0, 1.0, 1.0, 1.0, 1.0, 1.0], 'smo20': [1.0, 1.0, 1.0, 1.0, 1.0, 1.0, 1.0, 1.0, 0.967, 1.0, 1.0, 1.0, 1.0, 1.0, 1.0, 1.0, 0.967, 1.0, 1.0, 1.0], 'smo60': [1.0, 1.0, 1.0, 1.0, 1.0, 1.0, 1.0, 1.0, 1.0, 1.0, 1.0, 1.0, 1.0, 1.0, 1.0, 1.0, 1.0, 1.0, 1.0, 1.0]}
Time taken: 14.742334842681885 seconds
*****************

*****************

_______________________________
END for dataset iris
_______________________________

_______________________________
SMO for dataset whitewine
_______________________________

*****************
SMO6
*****************
[0.806, 0.972, 1.0, 0.972, 1.0, 1.0, 1.0, 0.806, 1.0, 1.0, 0.722, 0.972, 1.0, 1.0, 1.0, 0.972, 1.0, 0.806, 0.972, 1.0]
Time taken: 0.9819478988647461 seconds
*****************

*****************

*****************
SMO14
*****************
[0.972, 1.0, 0.972, 1.0, 1.0, 1.0, 1.0, 1.0, 1.0, 1.0, 0.806, 1.0, 1.0, 1.0, 1.0, 1.0, 1.0, 0.806, 1.0, 0.972]
Time taken: 2.0873630046844482 seconds
*****************

*****************

*****************
SMO20
*****************
[1.0, 1.0, 1.0, 1.0, 0.972, 1.0, 1.0, 0.806, 1.0, 1.0, 1.0, 1.0, 1.0, 1.0, 1.0, 1.0, 1.0, 1.0, 1.0, 1.0]
Time taken: 3.105329990386963 seconds
*****************

*****************

*****************
SMO60
*****************
[1.0, 1.0, 1.0, 1.0, 1.0, 1.0, 1.0, 1.0, 1.0, 0.806, 1.0, 1.0, 0.806, 1.0, 1.0, 1.0, 1.0, 1.0, 1.0, 1.0]
Time taken: 9.330703973770142 seconds
*****************

*****************

*****************
FINAL
*****************
{'smo6': [0.806, 0.972, 1.0, 0.972, 1.0, 1.0, 1.0, 0.806, 1.0, 1.0, 0.722, 0.972, 1.0, 1.0, 1.0, 0.972, 1.0, 0.806, 0.972, 1.0], 'smo14': [0.972, 1.0, 0.972, 1.0, 1.0, 1.0, 1.0, 1.0, 1.0, 1.0, 0.806, 1.0, 1.0, 1.0, 1.0, 1.0, 1.0, 0.806, 1.0, 0.972], 'smo20': [1.0, 1.0, 1.0, 1.0, 0.972, 1.0, 1.0, 0.806, 1.0, 1.0, 1.0, 1.0, 1.0, 1.0, 1.0, 1.0, 1.0, 1.0, 1.0, 1.0], 'smo60': [1.0, 1.0, 1.0, 1.0, 1.0, 1.0, 1.0, 1.0, 1.0, 0.806, 1.0, 1.0, 0.806, 1.0, 1.0, 1.0, 1.0, 1.0, 1.0, 1.0]}
Time taken: 15.50604796409607 seconds
*****************

*****************

_______________________________
END for dataset whitewine
_______________________________

_______________________________
SMO for dataset socialnetworkads
_______________________________

*****************
SMO6
*****************
[0.838, 0.85, 0.85, 0.85, 0.85, 0.838, 0.85, 0.85, 0.85, 0.838, 0.838, 0.838, 0.838, 0.838, 0.85, 0.838, 0.838, 0.838, 0.838, 0.838]
Time taken: 1.209261178970337 seconds
*****************

*****************

*****************
SMO14
*****************
[0.85, 0.85, 0.85, 0.838, 0.838, 0.85, 0.85, 0.85, 0.85, 0.838, 0.838, 0.838, 0.85, 0.838, 0.838, 0.838, 0.85, 0.85, 0.85, 0.838]
Time taken: 2.6012229919433594 seconds
*****************

*****************

*****************
SMO20
*****************
[0.85, 0.85, 0.85, 0.85, 0.85, 0.85, 0.85, 0.838, 0.85, 0.85, 0.85, 0.85, 0.85, 0.85, 0.85, 0.85, 0.85, 0.838, 0.85, 0.85]
Time taken: 3.744241952896118 seconds
*****************

*****************

*****************
SMO60
*****************
[0.85, 0.85, 0.85, 0.85, 0.85, 0.85, 0.85, 0.85, 0.85, 0.85, 0.85, 0.85, 0.85, 0.85, 0.838, 0.85, 0.85, 0.85, 0.85, 0.85]
Time taken: 10.965271949768066 seconds
*****************

*****************

*****************
FINAL
*****************
{'smo6': [0.838, 0.85, 0.85, 0.85, 0.85, 0.838, 0.85, 0.85, 0.85, 0.838, 0.838, 0.838, 0.838, 0.838, 0.85, 0.838, 0.838, 0.838, 0.838, 0.838], 'smo14': [0.85, 0.85, 0.85, 0.838, 0.838, 0.85, 0.85, 0.85, 0.85, 0.838, 0.838, 0.838, 0.85, 0.838, 0.838, 0.838, 0.85, 0.85, 0.85, 0.838], 'smo20': [0.85, 0.85, 0.85, 0.85, 0.85, 0.85, 0.85, 0.838, 0.85, 0.85, 0.85, 0.85, 0.85, 0.85, 0.85, 0.85, 0.85, 0.838, 0.85, 0.85], 'smo60': [0.85, 0.85, 0.85, 0.85, 0.85, 0.85, 0.85, 0.85, 0.85, 0.85, 0.85, 0.85, 0.85, 0.85, 0.838, 0.85, 0.85, 0.85, 0.85, 0.85]}
Time taken: 18.520774841308594 seconds
*****************

*****************

_______________________________
END for dataset socialnetworkads
_______________________________

_______________________________
SMO for dataset heartdisease
_______________________________

*****************
SMO6
*****************
[0.861, 0.851, 0.858, 0.859, 0.852, 0.859, 0.857, 0.857, 0.859, 0.859, 0.857, 0.859, 0.861, 0.858, 0.851, 0.859, 0.858, 0.859, 0.857, 0.858]
Time taken: 2.2740678787231445 seconds
*****************

*****************

*****************
SMO14
*****************
[0.859, 0.861, 0.859, 0.859, 0.861, 0.859, 0.859, 0.861, 0.859, 0.859, 0.859, 0.858, 0.861, 0.861, 0.859, 0.858, 0.858, 0.858, 0.859, 0.859]
Time taken: 5.710783004760742 seconds
*****************

*****************

*****************
SMO20
*****************
[0.861, 0.861, 0.859, 0.861, 0.861, 0.858, 0.859, 0.859, 0.861, 0.861, 0.861, 0.859, 0.861, 0.859, 0.859, 0.861, 0.861, 0.858, 0.859, 0.859]
Time taken: 8.138629913330078 seconds
*****************

*****************

*****************
SMO60
*****************
[0.861, 0.861, 0.859, 0.861, 0.861, 0.861, 0.861, 0.859, 0.861, 0.859, 0.861, 0.861, 0.861, 0.859, 0.861, 0.861, 0.861, 0.861, 0.861, 0.861]
Time taken: 25.217761039733887 seconds
*****************

*****************

*****************
FINAL
*****************
{'smo6': [0.861, 0.851, 0.858, 0.859, 0.852, 0.859, 0.857, 0.857, 0.859, 0.859, 0.857, 0.859, 0.861, 0.858, 0.851, 0.859, 0.858, 0.859, 0.857, 0.858], 'smo14': [0.859, 0.861, 0.859, 0.859, 0.861, 0.859, 0.859, 0.861, 0.859, 0.859, 0.859, 0.858, 0.861, 0.861, 0.859, 0.858, 0.858, 0.858, 0.859, 0.859], 'smo20': [0.861, 0.861, 0.859, 0.861, 0.861, 0.858, 0.859, 0.859, 0.861, 0.861, 0.861, 0.859, 0.861, 0.859, 0.859, 0.861, 0.861, 0.858, 0.859, 0.859], 'smo60': [0.861, 0.861, 0.859, 0.861, 0.861, 0.861, 0.861, 0.859, 0.861, 0.859, 0.861, 0.861, 0.861, 0.859, 0.861, 0.861, 0.861, 0.861, 0.861, 0.861]}
Time taken: 41.3428111076355 seconds
*****************

*****************

_______________________________
END for dataset heartdisease
_______________________________

_______________________________
SMO for dataset titanic
_______________________________

*****************
SMO6
*****************
[0.779, 0.786, 0.782, 0.779, 0.782, 0.782, 0.782, 0.782, 0.786, 0.786, 0.782, 0.782, 0.782, 0.782, 0.786, 0.786, 0.786, 0.782, 0.782, 0.782]
Time taken: 1.4902069568634033 seconds
*****************

*****************

*****************
SMO14
*****************
[0.782, 0.786, 0.782, 0.786, 0.782, 0.786, 0.782, 0.786, 0.786, 0.782, 0.782, 0.782, 0.786, 0.786, 0.786, 0.786, 0.782, 0.782, 0.782, 0.782]
Time taken: 3.0141689777374268 seconds
*****************

*****************

*****************
SMO20
*****************
[0.786, 0.786, 0.786, 0.786, 0.786, 0.786, 0.782, 0.786, 0.786, 0.786, 0.786, 0.786, 0.786, 0.782, 0.786, 0.786, 0.786, 0.782, 0.786, 0.786]
Time taken: 4.2422730922698975 seconds
*****************

*****************

*****************
SMO60
*****************
[0.786, 0.786, 0.786, 0.786, 0.786, 0.786, 0.786, 0.782, 0.786, 0.786, 0.782, 0.782, 0.786, 0.782, 0.786, 0.786, 0.786, 0.782, 0.786, 0.786]
Time taken: 12.50459599494934 seconds
*****************

*****************

*****************
FINAL
*****************
{'smo6': [0.779, 0.786, 0.782, 0.779, 0.782, 0.782, 0.782, 0.782, 0.786, 0.786, 0.782, 0.782, 0.782, 0.782, 0.786, 0.786, 0.786, 0.782, 0.782, 0.782], 'smo14': [0.782, 0.786, 0.782, 0.786, 0.782, 0.786, 0.782, 0.786, 0.786, 0.782, 0.782, 0.782, 0.786, 0.786, 0.786, 0.786, 0.782, 0.782, 0.782, 0.782], 'smo20': [0.786, 0.786, 0.786, 0.786, 0.786, 0.786, 0.782, 0.786, 0.786, 0.786, 0.786, 0.786, 0.786, 0.782, 0.786, 0.786, 0.786, 0.782, 0.786, 0.786], 'smo60': [0.786, 0.786, 0.786, 0.786, 0.786, 0.786, 0.786, 0.782, 0.786, 0.786, 0.782, 0.782, 0.786, 0.782, 0.786, 0.786, 0.786, 0.782, 0.786, 0.786]}
Time taken: 21.251960039138794 seconds
*****************

*****************

_______________________________
END for dataset titanic
_______________________________

_______________________________
SMO for dataset employeeattrition
_______________________________

*****************
SMO6
*****************
[0.838, 0.838, 0.837, 0.838, 0.838, 0.838, 0.827, 0.835, 0.838, 0.834, 0.837, 0.838, 0.839, 0.84, 0.84, 0.84, 0.839, 0.839, 0.837, 0.839]
Time taken: 103.59458374977112 seconds
*****************

*****************

*****************
SMO14
*****************
[0.832, 0.839, 0.838, 0.839, 0.84, 0.838, 0.839, 0.839, 0.838, 0.838, 0.839, 0.838, 0.837, 0.838, 0.838, 0.837, 0.838, 0.838, 0.839, 0.839]
Time taken: 96.64539790153503 seconds
*****************

*****************

*****************
SMO20
*****************
[0.839, 0.839, 0.84, 0.838, 0.838, 0.84, 0.838, 0.84, 0.834, 0.839, 0.838, 0.839, 0.839, 0.838, 0.84, 0.839, 0.838, 0.832, 0.838, 0.838]
Time taken: 230.68594884872437 seconds
*****************

*****************

*****************
SMO60
*****************
[0.84, 0.84, 0.84, 0.839, 0.839, 0.84, 0.839, 0.839, 0.84, 0.839, 0.84, 0.839, 0.839, 0.839, 0.839, 0.838, 0.839, 0.839, 0.839, 0.84]
Time taken: 566.8573203086853 seconds
*****************

*****************

*****************
FINAL
*****************
{'smo6': [0.838, 0.838, 0.837, 0.838, 0.838, 0.838, 0.827, 0.835, 0.838, 0.834, 0.837, 0.838, 0.839, 0.84, 0.84, 0.84, 0.839, 0.839, 0.837, 0.839], 'smo14': [0.832, 0.839, 0.838, 0.839, 0.84, 0.838, 0.839, 0.839, 0.838, 0.838, 0.839, 0.838, 0.837, 0.838, 0.838, 0.837, 0.838, 0.838, 0.839, 0.839], 'smo20': [0.839, 0.839, 0.84, 0.838, 0.838, 0.84, 0.838, 0.84, 0.834, 0.839, 0.838, 0.839, 0.839, 0.838, 0.84, 0.839, 0.838, 0.832, 0.838, 0.838], 'smo60': [0.84, 0.84, 0.84, 0.839, 0.839, 0.84, 0.839, 0.839, 0.84, 0.839, 0.84, 0.839, 0.839, 0.839, 0.839, 0.838, 0.839, 0.839, 0.839, 0.84]}
Time taken: 997.7856938838959 seconds
*****************

*****************

_______________________________
END for dataset employeeattrition
_______________________________

_______________________________
SMO for dataset pumpkinseeds
_______________________________

*****************
SMO6
*****************
[0.868, 0.864, 0.868, 0.872, 0.872, 0.868, 0.872, 0.872, 0.872, 0.87, 0.868, 0.87, 0.868, 0.872, 0.868, 0.868, 0.868, 0.87, 0.87, 0.872]
Time taken: 9.062297821044922 seconds
*****************

*****************

*****************
SMO14
*****************
[0.868, 0.87, 0.872, 0.868, 0.868, 0.868, 0.868, 0.868, 0.868, 0.868, 0.872, 0.87, 0.872, 0.872, 0.872, 0.868, 0.868, 0.87, 0.868, 0.872]
Time taken: 17.06948471069336 seconds
*****************

*****************

*****************
SMO20
*****************
[0.868, 0.866, 0.87, 0.87, 0.868, 0.87, 0.87, 0.872, 0.868, 0.872, 0.872, 0.872, 0.87, 0.872, 0.868, 0.87, 0.87, 0.868, 0.868, 0.868]
Time taken: 18.89617896080017 seconds
*****************

*****************

*****************
SMO60
*****************
[0.872, 0.87, 0.872, 0.87, 0.872, 0.872, 0.868, 0.872, 0.872, 0.872, 0.872, 0.872, 0.872, 0.872, 0.872, 0.868, 0.872, 0.872, 0.872, 0.872]
Time taken: 70.49089002609253 seconds
*****************

*****************

*****************
FINAL
*****************
{'smo6': [0.868, 0.864, 0.868, 0.872, 0.872, 0.868, 0.872, 0.872, 0.872, 0.87, 0.868, 0.87, 0.868, 0.872, 0.868, 0.868, 0.868, 0.87, 0.87, 0.872], 'smo14': [0.868, 0.87, 0.872, 0.868, 0.868, 0.868, 0.868, 0.868, 0.868, 0.868, 0.872, 0.87, 0.872, 0.872, 0.872, 0.868, 0.868, 0.87, 0.868, 0.872], 'smo20': [0.868, 0.866, 0.87, 0.87, 0.868, 0.87, 0.87, 0.872, 0.868, 0.872, 0.872, 0.872, 0.87, 0.872, 0.868, 0.87, 0.87, 0.868, 0.868, 0.868], 'smo60': [0.872, 0.87, 0.872, 0.87, 0.872, 0.872, 0.868, 0.872, 0.872, 0.872, 0.872, 0.872, 0.872, 0.872, 0.872, 0.868, 0.872, 0.872, 0.872, 0.872]}
Time taken: 115.52054810523987 seconds
*****************

*****************

_______________________________
END for dataset pumpkinseeds
_______________________________

_______________________________
SMO for dataset marketing
_______________________________

*****************
SMO6
*****************
[0.5, 0.5, 0.25, 0.5, 0.5, 0.5, 0.5, 0.5, 0.5, 0.5, 0.5, 0.5, 0.5, 0.5, 0.5, 0.5, 0.5, 0.5, 0.5, 0.5]
Time taken: 1.3610939979553223 seconds
*****************

*****************

*****************
SMO14
*****************
[0.5, 0.5, 0.5, 0.5, 0.5, 0.5, 0.5, 0.5, 0.5, 0.5, 0.5, 0.5, 0.5, 0.5, 0.5, 0.5, 0.5, 0.5, 0.5, 0.5]
Time taken: 2.745176076889038 seconds
*****************

*****************

*****************
SMO20
*****************
[0.5, 0.5, 0.5, 0.5, 0.5, 0.5, 0.5, 0.5, 0.5, 0.5, 0.5, 0.5, 0.5, 0.5, 0.5, 0.5, 0.5, 0.5, 0.5, 0.5]
Time taken: 3.955907106399536 seconds
*****************

*****************

*****************
SMO60
*****************
[0.5, 0.5, 0.5, 0.5, 0.5, 0.5, 0.5, 0.5, 0.5, 0.5, 0.5, 0.5, 0.5, 0.5, 0.5, 0.5, 0.5, 0.5, 0.5, 0.5]
Time taken: 11.203373908996582 seconds
*****************

*****************

*****************
FINAL
*****************
{'smo6': [0.5, 0.5, 0.25, 0.5, 0.5, 0.5, 0.5, 0.5, 0.5, 0.5, 0.5, 0.5, 0.5, 0.5, 0.5, 0.5, 0.5, 0.5, 0.5, 0.5], 'smo14': [0.5, 0.5, 0.5, 0.5, 0.5, 0.5, 0.5, 0.5, 0.5, 0.5, 0.5, 0.5, 0.5, 0.5, 0.5, 0.5, 0.5, 0.5, 0.5, 0.5], 'smo20': [0.5, 0.5, 0.5, 0.5, 0.5, 0.5, 0.5, 0.5, 0.5, 0.5, 0.5, 0.5, 0.5, 0.5, 0.5, 0.5, 0.5, 0.5, 0.5, 0.5], 'smo60': [0.5, 0.5, 0.5, 0.5, 0.5, 0.5, 0.5, 0.5, 0.5, 0.5, 0.5, 0.5, 0.5, 0.5, 0.5, 0.5, 0.5, 0.5, 0.5, 0.5]}
Time taken: 19.26612615585327 seconds
*****************

*****************

_______________________________
END for dataset marketing
_______________________________

_______________________________
SMO for dataset bankloan
_______________________________

*****************
SMO6
*****************
[0.945, 0.946, 0.945, 0.946, 0.946, 0.947, 0.947, 0.947, 0.947, 0.946, 0.947, 0.947, 0.945, 0.947, 0.946, 0.946, 0.947, 0.947, 0.945, 0.946]
Time taken: 3.4893109798431396 seconds
*****************

*****************

*****************
SMO14
*****************
[0.947, 0.947, 0.946, 0.946, 0.947, 0.945, 0.947, 0.946, 0.946, 0.947, 0.945, 0.947, 0.945, 0.947, 0.947, 0.947, 0.947, 0.947, 0.942, 0.947]
Time taken: 7.360547065734863 seconds
*****************

*****************

*****************
SMO20
*****************
[0.947, 0.946, 0.947, 0.947, 0.946, 0.947, 0.947, 0.947, 0.947, 0.947, 0.947, 0.947, 0.946, 0.947, 0.947, 0.947, 0.946, 0.946, 0.947, 0.947]
Time taken: 10.54369592666626 seconds
*****************

*****************

*****************
SMO60
*****************
[0.947, 0.947, 0.947, 0.947, 0.947, 0.947, 0.947, 0.947, 0.947, 0.947, 0.947, 0.947, 0.947, 0.947, 0.947, 0.947, 0.947, 0.947, 0.947, 0.946]
Time taken: 29.601165056228638 seconds
*****************

*****************

*****************
FINAL
*****************
{'smo6': [0.945, 0.946, 0.945, 0.946, 0.946, 0.947, 0.947, 0.947, 0.947, 0.946, 0.947, 0.947, 0.945, 0.947, 0.946, 0.946, 0.947, 0.947, 0.945, 0.946], 'smo14': [0.947, 0.947, 0.946, 0.946, 0.947, 0.945, 0.947, 0.946, 0.946, 0.947, 0.945, 0.947, 0.945, 0.947, 0.947, 0.947, 0.947, 0.947, 0.942, 0.947], 'smo20': [0.947, 0.946, 0.947, 0.947, 0.946, 0.947, 0.947, 0.947, 0.947, 0.947, 0.947, 0.947, 0.946, 0.947, 0.947, 0.947, 0.946, 0.946, 0.947, 0.947], 'smo60': [0.947, 0.947, 0.947, 0.947, 0.947, 0.947, 0.947, 0.947, 0.947, 0.947, 0.947, 0.947, 0.947, 0.947, 0.947, 0.947, 0.947, 0.947, 0.947, 0.946]}
Time taken: 50.99550175666809 seconds
*****************

*****************

_______________________________
END for dataset bankloan
_______________________________

_______________________________
SMO for dataset date
_______________________________

*****************
SMO6
*****************
[0.589, 0.578, 0.583, 0.578, 0.583, 0.583, 0.589, 0.583, 0.583, 0.567, 0.572, 0.578, 0.583, 0.539, 0.539, 0.578, 0.583, 0.539, 0.578, 0.539]
Time taken: 22.59155297279358 seconds
*****************

*****************

*****************
SMO14
*****************
[0.539, 0.583, 0.572, 0.583, 0.583, 0.567, 0.583, 0.578, 0.578, 0.589, 0.583, 0.578, 0.578, 0.567, 0.589, 0.583, 0.578, 0.578, 0.583, 0.583]
Time taken: 45.9301860332489 seconds
*****************

*****************

*****************
SMO20
*****************
[0.583, 0.583, 0.589, 0.583, 0.572, 0.583, 0.583, 0.583, 0.572, 0.583, 0.578, 0.572, 0.583, 0.589, 0.589, 0.583, 0.583, 0.578, 0.589, 0.572]
Time taken: 78.96445488929749 seconds
*****************

*****************

*****************
SMO60
*****************
[0.589, 0.589, 0.583, 0.578, 0.589, 0.583, 0.583, 0.589, 0.583, 0.589, 0.578, 0.589, 0.589, 0.589, 0.589, 0.583, 0.589, 0.589, 0.583, 0.589]
Time taken: 284.9522500038147 seconds
*****************

*****************

*****************
FINAL
*****************
{'smo6': [0.589, 0.578, 0.583, 0.578, 0.583, 0.583, 0.589, 0.583, 0.583, 0.567, 0.572, 0.578, 0.583, 0.539, 0.539, 0.578, 0.583, 0.539, 0.578, 0.539], 'smo14': [0.539, 0.583, 0.572, 0.583, 0.583, 0.567, 0.583, 0.578, 0.578, 0.589, 0.583, 0.578, 0.578, 0.567, 0.589, 0.583, 0.578, 0.578, 0.583, 0.583], 'smo20': [0.583, 0.583, 0.589, 0.583, 0.572, 0.583, 0.583, 0.583, 0.572, 0.583, 0.578, 0.572, 0.583, 0.589, 0.589, 0.583, 0.583, 0.578, 0.589, 0.572], 'smo60': [0.589, 0.589, 0.583, 0.578, 0.589, 0.583, 0.583, 0.589, 0.583, 0.589, 0.578, 0.589, 0.589, 0.589, 0.589, 0.583, 0.589, 0.589, 0.583, 0.589]}
Time taken: 432.44133591651917 seconds
*****************

*****************

_______________________________
END for dataset date
_______________________________

_______________________________
SMO for dataset fakebills
_______________________________

*****************
SMO6
*****************
[0.997, 0.997, 0.997, 0.997, 0.997, 0.997, 0.997, 0.997, 0.997, 0.997, 0.997, 0.997, 0.997, 0.997, 0.997, 0.997, 0.997, 0.997, 0.997, 0.997]
Time taken: 1.1773929595947266 seconds
*****************

*****************

*****************
SMO14
*****************
[0.997, 0.997, 0.997, 0.997, 0.997, 0.997, 0.997, 0.997, 0.997, 0.997, 0.997, 0.997, 0.997, 0.997, 0.997, 0.997, 0.997, 0.997, 0.997, 0.997]
Time taken: 2.5972721576690674 seconds
*****************

*****************

*****************
SMO20
*****************
[0.997, 0.997, 0.997, 0.997, 0.997, 0.997, 0.997, 0.997, 0.997, 0.997, 0.997, 0.997, 0.997, 0.997, 0.997, 0.997, 0.997, 0.997, 0.997, 0.997]
Time taken: 3.8029890060424805 seconds
*****************

*****************

*****************
SMO60
*****************
[0.997, 0.997, 0.997, 0.997, 0.997, 0.997, 0.997, 0.997, 0.997, 0.997, 0.997, 0.997, 0.997, 0.997, 0.997, 0.997, 0.997, 0.997, 0.997, 0.997]
Time taken: 11.326101064682007 seconds
*****************

*****************

*****************
FINAL
*****************
{'smo6': [0.997, 0.997, 0.997, 0.997, 0.997, 0.997, 0.997, 0.997, 0.997, 0.997, 0.997, 0.997, 0.997, 0.997, 0.997, 0.997, 0.997, 0.997, 0.997, 0.997], 'smo14': [0.997, 0.997, 0.997, 0.997, 0.997, 0.997, 0.997, 0.997, 0.997, 0.997, 0.997, 0.997, 0.997, 0.997, 0.997, 0.997, 0.997, 0.997, 0.997, 0.997], 'smo20': [0.997, 0.997, 0.997, 0.997, 0.997, 0.997, 0.997, 0.997, 0.997, 0.997, 0.997, 0.997, 0.997, 0.997, 0.997, 0.997, 0.997, 0.997, 0.997, 0.997], 'smo60': [0.997, 0.997, 0.997, 0.997, 0.997, 0.997, 0.997, 0.997, 0.997, 0.997, 0.997, 0.997, 0.997, 0.997, 0.997, 0.997, 0.997, 0.997, 0.997, 0.997]}
Time taken: 18.90441918373108 seconds
*****************

*****************

_______________________________
END for dataset fakebills
_______________________________

_______________________________
SMO for dataset empturnover
_______________________________

*****************
SMO6
*****************
[0.566, 0.544, 0.553, 0.553, 0.544, 0.549, 0.549, 0.553, 0.544, 0.549, 0.544, 0.553, 0.544, 0.549, 0.54, 0.549, 0.54, 0.566, 0.553, 0.535]
Time taken: 3.749850273132324 seconds
*****************

*****************

*****************
SMO14
*****************
[0.562, 0.553, 0.553, 0.553, 0.553, 0.553, 0.553, 0.553, 0.553, 0.566, 0.566, 0.553, 0.549, 0.553, 0.566, 0.549, 0.549, 0.553, 0.549, 0.562]
Time taken: 7.9715189933776855 seconds
*****************

*****************

*****************
SMO20
*****************
[0.549, 0.549, 0.553, 0.553, 0.562, 0.562, 0.549, 0.553, 0.566, 0.549, 0.562, 0.562, 0.549, 0.549, 0.553, 0.549, 0.549, 0.553, 0.562, 0.553]
Time taken: 11.706315040588379 seconds
*****************

*****************

*****************
SMO60
*****************
[0.566, 0.562, 0.553, 0.553, 0.553, 0.562, 0.553, 0.549, 0.553, 0.549, 0.549, 0.562, 0.566, 0.566, 0.566, 0.553, 0.553, 0.562, 0.566, 0.566]
Time taken: 35.983458042144775 seconds
*****************

*****************

*****************
FINAL
*****************
{'smo6': [0.566, 0.544, 0.553, 0.553, 0.544, 0.549, 0.549, 0.553, 0.544, 0.549, 0.544, 0.553, 0.544, 0.549, 0.54, 0.549, 0.54, 0.566, 0.553, 0.535], 'smo14': [0.562, 0.553, 0.553, 0.553, 0.553, 0.553, 0.553, 0.553, 0.553, 0.566, 0.566, 0.553, 0.549, 0.553, 0.566, 0.549, 0.549, 0.553, 0.549, 0.562], 'smo20': [0.549, 0.549, 0.553, 0.553, 0.562, 0.562, 0.549, 0.553, 0.566, 0.549, 0.562, 0.562, 0.549, 0.549, 0.553, 0.549, 0.549, 0.553, 0.562, 0.553], 'smo60': [0.566, 0.562, 0.553, 0.553, 0.553, 0.562, 0.553, 0.549, 0.553, 0.549, 0.549, 0.562, 0.566, 0.566, 0.566, 0.553, 0.553, 0.562, 0.566, 0.566]}
Time taken: 59.41253900527954 seconds
*****************

*****************

_______________________________
END for dataset empturnover
_______________________________

_______________________________
SMO for dataset cancer
_______________________________

*****************
SMO6
*****************
[0.956, 0.956, 0.956, 0.956, 0.956, 0.956, 0.956, 0.956, 0.956, 0.956, 0.93, 0.956, 0.93, 0.93, 0.956, 0.956, 0.93, 0.956, 0.956, 0.956]
Time taken: 2.1571099758148193 seconds
*****************

*****************

*****************
SMO14
*****************
[0.956, 0.956, 0.956, 0.956, 0.956, 0.956, 0.956, 0.956, 0.956, 0.956, 0.956, 0.956, 0.956, 0.956, 0.956, 0.956, 0.956, 0.956, 0.956, 0.956]
Time taken: 4.795690059661865 seconds
*****************

*****************

*****************
SMO20
*****************
[0.956, 0.956, 0.956, 0.956, 0.956, 0.956, 0.956, 0.956, 0.956, 0.956, 0.956, 0.956, 0.956, 0.956, 0.956, 0.956, 0.956, 0.956, 0.956, 0.956]
Time taken: 7.021884918212891 seconds
*****************

*****************

*****************
SMO60
*****************
[0.956, 0.956, 0.956, 0.956, 0.956, 0.956, 0.956, 0.956, 0.956, 0.956, 0.956, 0.956, 0.956, 0.956, 0.956, 0.956, 0.956, 0.956, 0.956, 0.956]
Time taken: 20.001105070114136 seconds
*****************

*****************

*****************
FINAL
*****************
{'smo6': [0.956, 0.956, 0.956, 0.956, 0.956, 0.956, 0.956, 0.956, 0.956, 0.956, 0.93, 0.956, 0.93, 0.93, 0.956, 0.956, 0.93, 0.956, 0.956, 0.956], 'smo14': [0.956, 0.956, 0.956, 0.956, 0.956, 0.956, 0.956, 0.956, 0.956, 0.956, 0.956, 0.956, 0.956, 0.956, 0.956, 0.956, 0.956, 0.956, 0.956, 0.956], 'smo20': [0.956, 0.956, 0.956, 0.956, 0.956, 0.956, 0.956, 0.956, 0.956, 0.956, 0.956, 0.956, 0.956, 0.956, 0.956, 0.956, 0.956, 0.956, 0.956, 0.956], 'smo60': [0.956, 0.956, 0.956, 0.956, 0.956, 0.956, 0.956, 0.956, 0.956, 0.956, 0.956, 0.956, 0.956, 0.956, 0.956, 0.956, 0.956, 0.956, 0.956, 0.956]}
Time taken: 33.97674298286438 seconds
*****************

*****************

_______________________________
END for dataset cancer
_______________________________

_______________________________
SMO for dataset wine
_______________________________

*****************
SMO6
*****************
[0.55, 0.622, 0.609, 0.609, 0.622, 0.613, 0.606, 0.609, 0.609, 0.609, 0.613, 0.613, 0.625, 0.609, 0.616, 0.613, 0.609, 0.603, 0.625, 0.6]
Time taken: 17.868367910385132 seconds
*****************

*****************

*****************
SMO14
*****************
[0.622, 0.616, 0.613, 0.619, 0.616, 0.616, 0.622, 0.619, 0.619, 0.616, 0.606, 0.609, 0.609, 0.619, 0.609, 0.603, 0.616, 0.625, 0.622, 0.619]
Time taken: 37.05806589126587 seconds
*****************

*****************

*****************
SMO20
*****************
[0.619, 0.613, 0.616, 0.609, 0.625, 0.625, 0.628, 0.616, 0.616, 0.625, 0.625, 0.625, 0.625, 0.619, 0.622, 0.613, 0.622, 0.613, 0.616, 0.616]
Time taken: 49.94001364707947 seconds
*****************

*****************

*****************
SMO60
*****************
[0.625, 0.625, 0.619, 0.622, 0.619, 0.622, 0.613, 0.625, 0.622, 0.622, 0.625, 0.619, 0.622, 0.628, 0.622, 0.619, 0.625, 0.616, 0.625, 0.625]
Time taken: 133.54263710975647 seconds
*****************

*****************

*****************
FINAL
*****************
{'smo6': [0.55, 0.622, 0.609, 0.609, 0.622, 0.613, 0.606, 0.609, 0.609, 0.609, 0.613, 0.613, 0.625, 0.609, 0.616, 0.613, 0.609, 0.603, 0.625, 0.6], 'smo14': [0.622, 0.616, 0.613, 0.619, 0.616, 0.616, 0.622, 0.619, 0.619, 0.616, 0.606, 0.609, 0.609, 0.619, 0.609, 0.603, 0.616, 0.625, 0.622, 0.619], 'smo20': [0.619, 0.613, 0.616, 0.609, 0.625, 0.625, 0.628, 0.616, 0.616, 0.625, 0.625, 0.625, 0.625, 0.619, 0.622, 0.613, 0.622, 0.613, 0.616, 0.616], 'smo60': [0.625, 0.625, 0.619, 0.622, 0.619, 0.622, 0.613, 0.625, 0.622, 0.622, 0.625, 0.619, 0.622, 0.628, 0.622, 0.619, 0.625, 0.616, 0.625, 0.625]}
Time taken: 238.41079211235046 seconds
*****************

*****************

_______________________________
END for dataset wine
_______________________________

_______________________________
SMO for dataset kidneystone
_______________________________

*****************
SMO6
*****************
[0.8, 0.8, 0.8, 0.8, 0.8, 0.8, 0.8, 0.8, 0.8, 0.8, 0.8, 0.8, 0.8, 0.8, 0.8, 0.8, 0.8, 0.8, 0.8, 0.8]
Time taken: 0.9016542434692383 seconds
*****************

*****************

*****************
SMO14
*****************
[0.8, 0.8, 0.8, 0.8, 0.8, 0.8, 0.8, 0.8, 0.8, 0.8, 0.8, 0.8, 0.8, 0.8, 0.8, 0.8, 0.8, 0.8, 0.8, 0.8]
Time taken: 1.8911552429199219 seconds
*****************

*****************

*****************
SMO20
*****************
[0.8, 0.8, 0.8, 0.8, 0.8, 0.8, 0.8, 0.8, 0.8, 0.8, 0.8, 0.8, 0.8, 0.8, 0.8, 0.8, 0.8, 0.8, 0.8, 0.8]
Time taken: 2.718702793121338 seconds
*****************

*****************

*****************
SMO60
*****************
[0.8, 0.8, 0.8, 0.8, 0.8, 0.8, 0.8, 0.8, 0.8, 0.8, 0.8, 0.8, 0.8, 0.8, 0.8, 0.8, 0.8, 0.8, 0.8, 0.8]
Time taken: 7.790631294250488 seconds
*****************

*****************

*****************
FINAL
*****************
{'smo6': [0.8, 0.8, 0.8, 0.8, 0.8, 0.8, 0.8, 0.8, 0.8, 0.8, 0.8, 0.8, 0.8, 0.8, 0.8, 0.8, 0.8, 0.8, 0.8, 0.8], 'smo14': [0.8, 0.8, 0.8, 0.8, 0.8, 0.8, 0.8, 0.8, 0.8, 0.8, 0.8, 0.8, 0.8, 0.8, 0.8, 0.8, 0.8, 0.8, 0.8, 0.8], 'smo20': [0.8, 0.8, 0.8, 0.8, 0.8, 0.8, 0.8, 0.8, 0.8, 0.8, 0.8, 0.8, 0.8, 0.8, 0.8, 0.8, 0.8, 0.8, 0.8, 0.8], 'smo60': [0.8, 0.8, 0.8, 0.8, 0.8, 0.8, 0.8, 0.8, 0.8, 0.8, 0.8, 0.8, 0.8, 0.8, 0.8, 0.8, 0.8, 0.8, 0.8, 0.8]}
Time taken: 13.302830219268799 seconds
*****************

*****************

_______________________________
END for dataset kidneystone
_______________________________

_______________________________
SMO for dataset mineorrock
_______________________________

*****************
SMO6
*****************
[0.833, 0.833, 0.81, 0.81, 0.833, 0.833, 0.833, 0.786, 0.833, 0.81, 0.833, 0.81, 0.833, 0.833, 0.81, 0.81, 0.833, 0.786, 0.81, 0.762]
Time taken: 2.437415361404419 seconds
*****************

*****************

*****************
SMO14
*****************
[0.833, 0.833, 0.833, 0.833, 0.833, 0.833, 0.81, 0.833, 0.833, 0.81, 0.833, 0.786, 0.81, 0.833, 0.81, 0.833, 0.81, 0.81, 0.833, 0.833]
Time taken: 4.7748637199401855 seconds
*****************

*****************

*****************
SMO20
*****************
[0.833, 0.833, 0.81, 0.833, 0.833, 0.833, 0.81, 0.833, 0.833, 0.833, 0.833, 0.81, 0.81, 0.833, 0.833, 0.81, 0.81, 0.833, 0.833, 0.81]
Time taken: 7.007266998291016 seconds
*****************

*****************

*****************
SMO60
*****************
[0.833, 0.833, 0.833, 0.833, 0.833, 0.833, 0.833, 0.833, 0.833, 0.833, 0.833, 0.833, 0.833, 0.833, 0.833, 0.833, 0.833, 0.833, 0.833, 0.81]
Time taken: 22.647117137908936 seconds
*****************

*****************

*****************
FINAL
*****************
{'smo6': [0.833, 0.833, 0.81, 0.81, 0.833, 0.833, 0.833, 0.786, 0.833, 0.81, 0.833, 0.81, 0.833, 0.833, 0.81, 0.81, 0.833, 0.786, 0.81, 0.762], 'smo14': [0.833, 0.833, 0.833, 0.833, 0.833, 0.833, 0.81, 0.833, 0.833, 0.81, 0.833, 0.786, 0.81, 0.833, 0.81, 0.833, 0.81, 0.81, 0.833, 0.833], 'smo20': [0.833, 0.833, 0.81, 0.833, 0.833, 0.833, 0.81, 0.833, 0.833, 0.833, 0.833, 0.81, 0.81, 0.833, 0.833, 0.81, 0.81, 0.833, 0.833, 0.81], 'smo60': [0.833, 0.833, 0.833, 0.833, 0.833, 0.833, 0.833, 0.833, 0.833, 0.833, 0.833, 0.833, 0.833, 0.833, 0.833, 0.833, 0.833, 0.833, 0.833, 0.81]}
Time taken: 36.86848306655884 seconds
*****************

*****************

_______________________________
END for dataset mineorrock
_______________________________

_______________________________
SMO for dataset gendervoice
_______________________________

*****************
SMO6
*****************
[0.563, 0.563, 0.563, 0.539, 0.539, 0.539, 0.539, 0.539, 0.563, 0.539, 0.563, 0.539, 0.539, 0.539, 0.539, 0.563, 0.563, 0.539, 0.539, 0.539]
Time taken: 2.969572067260742 seconds
*****************

*****************

*****************
SMO14
*****************
[0.563, 0.563, 0.563, 0.539, 0.563, 0.539, 0.563, 0.539, 0.563, 0.563, 0.539, 0.563, 0.563, 0.539, 0.563, 0.539, 0.539, 0.563, 0.539, 0.563]
Time taken: 6.136418104171753 seconds
*****************

*****************

*****************
SMO20
*****************
[0.563, 0.563, 0.563, 0.563, 0.563, 0.539, 0.563, 0.563, 0.539, 0.563, 0.563, 0.563, 0.563, 0.539, 0.563, 0.563, 0.539, 0.563, 0.539, 0.563]
Time taken: 9.079169034957886 seconds
*****************

*****************

*****************
SMO60
*****************
[0.563, 0.563, 0.563, 0.563, 0.563, 0.563, 0.563, 0.563, 0.563, 0.563, 0.563, 0.563, 0.563, 0.563, 0.563, 0.563, 0.539, 0.539, 0.563, 0.539]
Time taken: 27.491826057434082 seconds
*****************

*****************

*****************
FINAL
*****************
{'smo6': [0.563, 0.563, 0.563, 0.539, 0.539, 0.539, 0.539, 0.539, 0.563, 0.539, 0.563, 0.539, 0.539, 0.539, 0.539, 0.563, 0.563, 0.539, 0.539, 0.539], 'smo14': [0.563, 0.563, 0.563, 0.539, 0.563, 0.539, 0.563, 0.539, 0.563, 0.563, 0.539, 0.563, 0.563, 0.539, 0.563, 0.539, 0.539, 0.563, 0.539, 0.563], 'smo20': [0.563, 0.563, 0.563, 0.563, 0.563, 0.539, 0.563, 0.563, 0.539, 0.563, 0.563, 0.563, 0.563, 0.539, 0.563, 0.563, 0.539, 0.563, 0.539, 0.563], 'smo60': [0.563, 0.563, 0.563, 0.563, 0.563, 0.563, 0.563, 0.563, 0.563, 0.563, 0.563, 0.563, 0.563, 0.563, 0.563, 0.563, 0.539, 0.539, 0.563, 0.539]}
Time taken: 45.67777109146118 seconds
*****************

*****************

_______________________________
END for dataset gendervoice
_______________________________

_______________________________
SMO for dataset possum
_______________________________

*****************
SMO6
*****************
[0.524, 0.524, 0.524, 0.524, 0.476, 0.524, 0.524, 0.524, 0.524, 0.476, 0.524, 0.524, 0.524, 0.524, 0.524, 0.524, 0.524, 0.524, 0.524, 0.524]
Time taken: 1.4625940322875977 seconds
*****************

*****************

*****************
SMO14
*****************
[0.524, 0.524, 0.524, 0.524, 0.524, 0.524, 0.524, 0.524, 0.524, 0.524, 0.524, 0.524, 0.524, 0.524, 0.524, 0.524, 0.524, 0.524, 0.524, 0.524]
Time taken: 3.0325241088867188 seconds
*****************

*****************

*****************
SMO20
*****************
[0.524, 0.524, 0.524, 0.524, 0.524, 0.524, 0.524, 0.524, 0.524, 0.524, 0.524, 0.524, 0.524, 0.524, 0.524, 0.524, 0.524, 0.524, 0.524, 0.524]
Time taken: 4.671478033065796 seconds
*****************

*****************

*****************
SMO60
*****************
[0.524, 0.524, 0.524, 0.524, 0.524, 0.524, 0.524, 0.524, 0.524, 0.524, 0.524, 0.524, 0.524, 0.524, 0.524, 0.524, 0.524, 0.524, 0.524, 0.524]
Time taken: 14.013024091720581 seconds
*****************

*****************

*****************
FINAL
*****************
{'smo6': [0.524, 0.524, 0.524, 0.524, 0.476, 0.524, 0.524, 0.524, 0.524, 0.476, 0.524, 0.524, 0.524, 0.524, 0.524, 0.524, 0.524, 0.524, 0.524, 0.524], 'smo14': [0.524, 0.524, 0.524, 0.524, 0.524, 0.524, 0.524, 0.524, 0.524, 0.524, 0.524, 0.524, 0.524, 0.524, 0.524, 0.524, 0.524, 0.524, 0.524, 0.524], 'smo20': [0.524, 0.524, 0.524, 0.524, 0.524, 0.524, 0.524, 0.524, 0.524, 0.524, 0.524, 0.524, 0.524, 0.524, 0.524, 0.524, 0.524, 0.524, 0.524, 0.524], 'smo60': [0.524, 0.524, 0.524, 0.524, 0.524, 0.524, 0.524, 0.524, 0.524, 0.524, 0.524, 0.524, 0.524, 0.524, 0.524, 0.524, 0.524, 0.524, 0.524, 0.524]}
Time taken: 23.180350065231323 seconds
*****************

*****************

_______________________________
END for dataset possum
_______________________________

*****************
FINAL SMO OUTPUT ENTIRE DATA LIST
*****************
{'digits': {'smo6': [0.975, 0.972, 0.972, 0.969, 0.969, 0.964, 0.975, 0.972, 0.967, 0.969, 0.967, 0.972, 0.969, 0.961, 0.972, 0.969, 0.967, 0.967, 0.969, 0.969], 'smo14': [0.972, 0.972, 0.972, 0.969, 0.967, 0.972, 0.972, 0.972, 0.969, 0.972, 0.969, 0.972, 0.972, 0.969, 0.969, 0.975, 0.969, 0.972, 0.972, 0.972], 'smo20': [0.972, 0.972, 0.972, 0.969, 0.972, 0.972, 0.975, 0.975, 0.975, 0.972, 0.969, 0.972, 0.969, 0.969, 0.969, 0.969, 0.969, 0.972, 0.975, 0.972], 'smo60': [0.975, 0.972, 0.975, 0.975, 0.972, 0.975, 0.972, 0.975, 0.972, 0.972, 0.972, 0.972, 0.972, 0.975, 0.975, 0.975, 0.975, 0.972, 0.975, 0.975]}, 'breastcancer': {'smo6': [0.956, 0.956, 0.956, 0.956, 0.956, 0.956, 0.956, 0.956, 0.947, 0.904, 0.956, 0.947, 0.956, 0.956, 0.956, 0.956, 0.947, 0.956, 0.956, 0.956], 'smo14': [0.956, 0.956, 0.956, 0.956, 0.956, 0.956, 0.956, 0.956, 0.956, 0.956, 0.956, 0.956, 0.956, 0.956, 0.956, 0.956, 0.956, 0.956, 0.956, 0.956], 'smo20': [0.956, 0.956, 0.956, 0.956, 0.956, 0.956, 0.956, 0.956, 0.956, 0.956, 0.956, 0.956, 0.956, 0.956, 0.956, 0.956, 0.956, 0.956, 0.956, 0.956], 'smo60': [0.956, 0.956, 0.956, 0.956, 0.956, 0.956, 0.956, 0.956, 0.956, 0.956, 0.956, 0.956, 0.956, 0.956, 0.956, 0.956, 0.956, 0.956, 0.956, 0.956]}, 'iris': {'smo6': [1.0, 1.0, 1.0, 1.0, 0.967, 1.0, 1.0, 1.0, 1.0, 1.0, 1.0, 1.0, 0.967, 1.0, 1.0, 1.0, 1.0, 0.967, 1.0, 1.0], 'smo14': [1.0, 1.0, 1.0, 0.967, 1.0, 1.0, 1.0, 1.0, 1.0, 1.0, 1.0, 1.0, 1.0, 1.0, 1.0, 1.0, 1.0, 1.0, 1.0, 1.0], 'smo20': [1.0, 1.0, 1.0, 1.0, 1.0, 1.0, 1.0, 1.0, 0.967, 1.0, 1.0, 1.0, 1.0, 1.0, 1.0, 1.0, 0.967, 1.0, 1.0, 1.0], 'smo60': [1.0, 1.0, 1.0, 1.0, 1.0, 1.0, 1.0, 1.0, 1.0, 1.0, 1.0, 1.0, 1.0, 1.0, 1.0, 1.0, 1.0, 1.0, 1.0, 1.0]}, 'whitewine': {'smo6': [0.806, 0.972, 1.0, 0.972, 1.0, 1.0, 1.0, 0.806, 1.0, 1.0, 0.722, 0.972, 1.0, 1.0, 1.0, 0.972, 1.0, 0.806, 0.972, 1.0], 'smo14': [0.972, 1.0, 0.972, 1.0, 1.0, 1.0, 1.0, 1.0, 1.0, 1.0, 0.806, 1.0, 1.0, 1.0, 1.0, 1.0, 1.0, 0.806, 1.0, 0.972], 'smo20': [1.0, 1.0, 1.0, 1.0, 0.972, 1.0, 1.0, 0.806, 1.0, 1.0, 1.0, 1.0, 1.0, 1.0, 1.0, 1.0, 1.0, 1.0, 1.0, 1.0], 'smo60': [1.0, 1.0, 1.0, 1.0, 1.0, 1.0, 1.0, 1.0, 1.0, 0.806, 1.0, 1.0, 0.806, 1.0, 1.0, 1.0, 1.0, 1.0, 1.0, 1.0]}, 'socialnetworkads': {'smo6': [0.838, 0.85, 0.85, 0.85, 0.85, 0.838, 0.85, 0.85, 0.85, 0.838, 0.838, 0.838, 0.838, 0.838, 0.85, 0.838, 0.838, 0.838, 0.838, 0.838], 'smo14': [0.85, 0.85, 0.85, 0.838, 0.838, 0.85, 0.85, 0.85, 0.85, 0.838, 0.838, 0.838, 0.85, 0.838, 0.838, 0.838, 0.85, 0.85, 0.85, 0.838], 'smo20': [0.85, 0.85, 0.85, 0.85, 0.85, 0.85, 0.85, 0.838, 0.85, 0.85, 0.85, 0.85, 0.85, 0.85, 0.85, 0.85, 0.85, 0.838, 0.85, 0.85], 'smo60': [0.85, 0.85, 0.85, 0.85, 0.85, 0.85, 0.85, 0.85, 0.85, 0.85, 0.85, 0.85, 0.85, 0.85, 0.838, 0.85, 0.85, 0.85, 0.85, 0.85]}, 'heartdisease': {'smo6': [0.861, 0.851, 0.858, 0.859, 0.852, 0.859, 0.857, 0.857, 0.859, 0.859, 0.857, 0.859, 0.861, 0.858, 0.851, 0.859, 0.858, 0.859, 0.857, 0.858], 'smo14': [0.859, 0.861, 0.859, 0.859, 0.861, 0.859, 0.859, 0.861, 0.859, 0.859, 0.859, 0.858, 0.861, 0.861, 0.859, 0.858, 0.858, 0.858, 0.859, 0.859], 'smo20': [0.861, 0.861, 0.859, 0.861, 0.861, 0.858, 0.859, 0.859, 0.861, 0.861, 0.861, 0.859, 0.861, 0.859, 0.859, 0.861, 0.861, 0.858, 0.859, 0.859], 'smo60': [0.861, 0.861, 0.859, 0.861, 0.861, 0.861, 0.861, 0.859, 0.861, 0.859, 0.861, 0.861, 0.861, 0.859, 0.861, 0.861, 0.861, 0.861, 0.861, 0.861]}, 'titanic': {'smo6': [0.779, 0.786, 0.782, 0.779, 0.782, 0.782, 0.782, 0.782, 0.786, 0.786, 0.782, 0.782, 0.782, 0.782, 0.786, 0.786, 0.786, 0.782, 0.782, 0.782], 'smo14': [0.782, 0.786, 0.782, 0.786, 0.782, 0.786, 0.782, 0.786, 0.786, 0.782, 0.782, 0.782, 0.786, 0.786, 0.786, 0.786, 0.782, 0.782, 0.782, 0.782], 'smo20': [0.786, 0.786, 0.786, 0.786, 0.786, 0.786, 0.782, 0.786, 0.786, 0.786, 0.786, 0.786, 0.786, 0.782, 0.786, 0.786, 0.786, 0.782, 0.786, 0.786], 'smo60': [0.786, 0.786, 0.786, 0.786, 0.786, 0.786, 0.786, 0.782, 0.786, 0.786, 0.782, 0.782, 0.786, 0.782, 0.786, 0.786, 0.786, 0.782, 0.786, 0.786]}, 'employeeattrition': {'smo6': [0.838, 0.838, 0.837, 0.838, 0.838, 0.838, 0.827, 0.835, 0.838, 0.834, 0.837, 0.838, 0.839, 0.84, 0.84, 0.84, 0.839, 0.839, 0.837, 0.839], 'smo14': [0.832, 0.839, 0.838, 0.839, 0.84, 0.838, 0.839, 0.839, 0.838, 0.838, 0.839, 0.838, 0.837, 0.838, 0.838, 0.837, 0.838, 0.838, 0.839, 0.839], 'smo20': [0.839, 0.839, 0.84, 0.838, 0.838, 0.84, 0.838, 0.84, 0.834, 0.839, 0.838, 0.839, 0.839, 0.838, 0.84, 0.839, 0.838, 0.832, 0.838, 0.838], 'smo60': [0.84, 0.84, 0.84, 0.839, 0.839, 0.84, 0.839, 0.839, 0.84, 0.839, 0.84, 0.839, 0.839, 0.839, 0.839, 0.838, 0.839, 0.839, 0.839, 0.84]}, 'pumpkinseeds': {'smo6': [0.868, 0.864, 0.868, 0.872, 0.872, 0.868, 0.872, 0.872, 0.872, 0.87, 0.868, 0.87, 0.868, 0.872, 0.868, 0.868, 0.868, 0.87, 0.87, 0.872], 'smo14': [0.868, 0.87, 0.872, 0.868, 0.868, 0.868, 0.868, 0.868, 0.868, 0.868, 0.872, 0.87, 0.872, 0.872, 0.872, 0.868, 0.868, 0.87, 0.868, 0.872], 'smo20': [0.868, 0.866, 0.87, 0.87, 0.868, 0.87, 0.87, 0.872, 0.868, 0.872, 0.872, 0.872, 0.87, 0.872, 0.868, 0.87, 0.87, 0.868, 0.868, 0.868], 'smo60': [0.872, 0.87, 0.872, 0.87, 0.872, 0.872, 0.868, 0.872, 0.872, 0.872, 0.872, 0.872, 0.872, 0.872, 0.872, 0.868, 0.872, 0.872, 0.872, 0.872]}, 'marketing': {'smo6': [0.5, 0.5, 0.25, 0.5, 0.5, 0.5, 0.5, 0.5, 0.5, 0.5, 0.5, 0.5, 0.5, 0.5, 0.5, 0.5, 0.5, 0.5, 0.5, 0.5], 'smo14': [0.5, 0.5, 0.5, 0.5, 0.5, 0.5, 0.5, 0.5, 0.5, 0.5, 0.5, 0.5, 0.5, 0.5, 0.5, 0.5, 0.5, 0.5, 0.5, 0.5], 'smo20': [0.5, 0.5, 0.5, 0.5, 0.5, 0.5, 0.5, 0.5, 0.5, 0.5, 0.5, 0.5, 0.5, 0.5, 0.5, 0.5, 0.5, 0.5, 0.5, 0.5], 'smo60': [0.5, 0.5, 0.5, 0.5, 0.5, 0.5, 0.5, 0.5, 0.5, 0.5, 0.5, 0.5, 0.5, 0.5, 0.5, 0.5, 0.5, 0.5, 0.5, 0.5]}, 'bankloan': {'smo6': [0.945, 0.946, 0.945, 0.946, 0.946, 0.947, 0.947, 0.947, 0.947, 0.946, 0.947, 0.947, 0.945, 0.947, 0.946, 0.946, 0.947, 0.947, 0.945, 0.946], 'smo14': [0.947, 0.947, 0.946, 0.946, 0.947, 0.945, 0.947, 0.946, 0.946, 0.947, 0.945, 0.947, 0.945, 0.947, 0.947, 0.947, 0.947, 0.947, 0.942, 0.947], 'smo20': [0.947, 0.946, 0.947, 0.947, 0.946, 0.947, 0.947, 0.947, 0.947, 0.947, 0.947, 0.947, 0.946, 0.947, 0.947, 0.947, 0.946, 0.946, 0.947, 0.947], 'smo60': [0.947, 0.947, 0.947, 0.947, 0.947, 0.947, 0.947, 0.947, 0.947, 0.947, 0.947, 0.947, 0.947, 0.947, 0.947, 0.947, 0.947, 0.947, 0.947, 0.946]}, 'date': {'smo6': [0.589, 0.578, 0.583, 0.578, 0.583, 0.583, 0.589, 0.583, 0.583, 0.567, 0.572, 0.578, 0.583, 0.539, 0.539, 0.578, 0.583, 0.539, 0.578, 0.539], 'smo14': [0.539, 0.583, 0.572, 0.583, 0.583, 0.567, 0.583, 0.578, 0.578, 0.589, 0.583, 0.578, 0.578, 0.567, 0.589, 0.583, 0.578, 0.578, 0.583, 0.583], 'smo20': [0.583, 0.583, 0.589, 0.583, 0.572, 0.583, 0.583, 0.583, 0.572, 0.583, 0.578, 0.572, 0.583, 0.589, 0.589, 0.583, 0.583, 0.578, 0.589, 0.572], 'smo60': [0.589, 0.589, 0.583, 0.578, 0.589, 0.583, 0.583, 0.589, 0.583, 0.589, 0.578, 0.589, 0.589, 0.589, 0.589, 0.583, 0.589, 0.589, 0.583, 0.589]}, 'fakebills': {'smo6': [0.997, 0.997, 0.997, 0.997, 0.997, 0.997, 0.997, 0.997, 0.997, 0.997, 0.997, 0.997, 0.997, 0.997, 0.997, 0.997, 0.997, 0.997, 0.997, 0.997], 'smo14': [0.997, 0.997, 0.997, 0.997, 0.997, 0.997, 0.997, 0.997, 0.997, 0.997, 0.997, 0.997, 0.997, 0.997, 0.997, 0.997, 0.997, 0.997, 0.997, 0.997], 'smo20': [0.997, 0.997, 0.997, 0.997, 0.997, 0.997, 0.997, 0.997, 0.997, 0.997, 0.997, 0.997, 0.997, 0.997, 0.997, 0.997, 0.997, 0.997, 0.997, 0.997], 'smo60': [0.997, 0.997, 0.997, 0.997, 0.997, 0.997, 0.997, 0.997, 0.997, 0.997, 0.997, 0.997, 0.997, 0.997, 0.997, 0.997, 0.997, 0.997, 0.997, 0.997]}, 'empturnover': {'smo6': [0.566, 0.544, 0.553, 0.553, 0.544, 0.549, 0.549, 0.553, 0.544, 0.549, 0.544, 0.553, 0.544, 0.549, 0.54, 0.549, 0.54, 0.566, 0.553, 0.535], 'smo14': [0.562, 0.553, 0.553, 0.553, 0.553, 0.553, 0.553, 0.553, 0.553, 0.566, 0.566, 0.553, 0.549, 0.553, 0.566, 0.549, 0.549, 0.553, 0.549, 0.562], 'smo20': [0.549, 0.549, 0.553, 0.553, 0.562, 0.562, 0.549, 0.553, 0.566, 0.549, 0.562, 0.562, 0.549, 0.549, 0.553, 0.549, 0.549, 0.553, 0.562, 0.553], 'smo60': [0.566, 0.562, 0.553, 0.553, 0.553, 0.562, 0.553, 0.549, 0.553, 0.549, 0.549, 0.562, 0.566, 0.566, 0.566, 0.553, 0.553, 0.562, 0.566, 0.566]}, 'cancer': {'smo6': [0.956, 0.956, 0.956, 0.956, 0.956, 0.956, 0.956, 0.956, 0.956, 0.956, 0.93, 0.956, 0.93, 0.93, 0.956, 0.956, 0.93, 0.956, 0.956, 0.956], 'smo14': [0.956, 0.956, 0.956, 0.956, 0.956, 0.956, 0.956, 0.956, 0.956, 0.956, 0.956, 0.956, 0.956, 0.956, 0.956, 0.956, 0.956, 0.956, 0.956, 0.956], 'smo20': [0.956, 0.956, 0.956, 0.956, 0.956, 0.956, 0.956, 0.956, 0.956, 0.956, 0.956, 0.956, 0.956, 0.956, 0.956, 0.956, 0.956, 0.956, 0.956, 0.956], 'smo60': [0.956, 0.956, 0.956, 0.956, 0.956, 0.956, 0.956, 0.956, 0.956, 0.956, 0.956, 0.956, 0.956, 0.956, 0.956, 0.956, 0.956, 0.956, 0.956, 0.956]}, 'wine': {'smo6': [0.55, 0.622, 0.609, 0.609, 0.622, 0.613, 0.606, 0.609, 0.609, 0.609, 0.613, 0.613, 0.625, 0.609, 0.616, 0.613, 0.609, 0.603, 0.625, 0.6], 'smo14': [0.622, 0.616, 0.613, 0.619, 0.616, 0.616, 0.622, 0.619, 0.619, 0.616, 0.606, 0.609, 0.609, 0.619, 0.609, 0.603, 0.616, 0.625, 0.622, 0.619], 'smo20': [0.619, 0.613, 0.616, 0.609, 0.625, 0.625, 0.628, 0.616, 0.616, 0.625, 0.625, 0.625, 0.625, 0.619, 0.622, 0.613, 0.622, 0.613, 0.616, 0.616], 'smo60': [0.625, 0.625, 0.619, 0.622, 0.619, 0.622, 0.613, 0.625, 0.622, 0.622, 0.625, 0.619, 0.622, 0.628, 0.622, 0.619, 0.625, 0.616, 0.625, 0.625]}, 'kidneystone': {'smo6': [0.8, 0.8, 0.8, 0.8, 0.8, 0.8, 0.8, 0.8, 0.8, 0.8, 0.8, 0.8, 0.8, 0.8, 0.8, 0.8, 0.8, 0.8, 0.8, 0.8], 'smo14': [0.8, 0.8, 0.8, 0.8, 0.8, 0.8, 0.8, 0.8, 0.8, 0.8, 0.8, 0.8, 0.8, 0.8, 0.8, 0.8, 0.8, 0.8, 0.8, 0.8], 'smo20': [0.8, 0.8, 0.8, 0.8, 0.8, 0.8, 0.8, 0.8, 0.8, 0.8, 0.8, 0.8, 0.8, 0.8, 0.8, 0.8, 0.8, 0.8, 0.8, 0.8], 'smo60': [0.8, 0.8, 0.8, 0.8, 0.8, 0.8, 0.8, 0.8, 0.8, 0.8, 0.8, 0.8, 0.8, 0.8, 0.8, 0.8, 0.8, 0.8, 0.8, 0.8]}, 'mineorrock': {'smo6': [0.833, 0.833, 0.81, 0.81, 0.833, 0.833, 0.833, 0.786, 0.833, 0.81, 0.833, 0.81, 0.833, 0.833, 0.81, 0.81, 0.833, 0.786, 0.81, 0.762], 'smo14': [0.833, 0.833, 0.833, 0.833, 0.833, 0.833, 0.81, 0.833, 0.833, 0.81, 0.833, 0.786, 0.81, 0.833, 0.81, 0.833, 0.81, 0.81, 0.833, 0.833], 'smo20': [0.833, 0.833, 0.81, 0.833, 0.833, 0.833, 0.81, 0.833, 0.833, 0.833, 0.833, 0.81, 0.81, 0.833, 0.833, 0.81, 0.81, 0.833, 0.833, 0.81], 'smo60': [0.833, 0.833, 0.833, 0.833, 0.833, 0.833, 0.833, 0.833, 0.833, 0.833, 0.833, 0.833, 0.833, 0.833, 0.833, 0.833, 0.833, 0.833, 0.833, 0.81]}, 'gendervoice': {'smo6': [0.563, 0.563, 0.563, 0.539, 0.539, 0.539, 0.539, 0.539, 0.563, 0.539, 0.563, 0.539, 0.539, 0.539, 0.539, 0.563, 0.563, 0.539, 0.539, 0.539], 'smo14': [0.563, 0.563, 0.563, 0.539, 0.563, 0.539, 0.563, 0.539, 0.563, 0.563, 0.539, 0.563, 0.563, 0.539, 0.563, 0.539, 0.539, 0.563, 0.539, 0.563], 'smo20': [0.563, 0.563, 0.563, 0.563, 0.563, 0.539, 0.563, 0.563, 0.539, 0.563, 0.563, 0.563, 0.563, 0.539, 0.563, 0.563, 0.539, 0.563, 0.539, 0.563], 'smo60': [0.563, 0.563, 0.563, 0.563, 0.563, 0.563, 0.563, 0.563, 0.563, 0.563, 0.563, 0.563, 0.563, 0.563, 0.563, 0.563, 0.539, 0.539, 0.563, 0.539]}, 'possum': {'smo6': [0.524, 0.524, 0.524, 0.524, 0.476, 0.524, 0.524, 0.524, 0.524, 0.476, 0.524, 0.524, 0.524, 0.524, 0.524, 0.524, 0.524, 0.524, 0.524, 0.524], 'smo14': [0.524, 0.524, 0.524, 0.524, 0.524, 0.524, 0.524, 0.524, 0.524, 0.524, 0.524, 0.524, 0.524, 0.524, 0.524, 0.524, 0.524, 0.524, 0.524, 0.524], 'smo20': [0.524, 0.524, 0.524, 0.524, 0.524, 0.524, 0.524, 0.524, 0.524, 0.524, 0.524, 0.524, 0.524, 0.524, 0.524, 0.524, 0.524, 0.524, 0.524, 0.524], 'smo60': [0.524, 0.524, 0.524, 0.524, 0.524, 0.524, 0.524, 0.524, 0.524, 0.524, 0.524, 0.524, 0.524, 0.524, 0.524, 0.524, 0.524, 0.524, 0.524, 0.524]}}
Time taken: 2323.1494040489197
*****************

*****************
